crossing time (s)	slope (V/s)	crossing number
281474976710655.000000	Inf	4471	0.000000
281474976710655.000000	97.946655	4472	0.000000
281474976710655.000000	64.565514	4473	0.000000
281474976710655.000000	33.807869	4474	0.000000
281474976710655.000000	31.873798	4475	0.000000
281474976710655.000000	27.695271	4476	0.000000
281474976710655.000000	16.973970	4477	0.000000
281474976710655.000000	12.155829	4478	0.000000
281474976710655.000000	8.075665	4479	0.000000
281474976710655.000000	5.638940	4480	0.000000
281474976710655.000000	3.643277	4481	0.000000
281474976710655.000000	2.603459	4482	0.000000
