crossing time (s)	slope (V/s)	crossing number
281474976710655.000000	79.425568	394	0.000000
281474976710655.000000	52.150749	395	0.000000
281474976710655.000000	37.265255	396	0.000000
281474976710655.000000	29.923927	397	0.000000
281474976710655.000000	22.905596	398	0.000000
281474976710655.000000	17.901840	399	0.000000
281474976710655.000000	13.078314	400	0.000000
281474976710655.000000	11.111612	401	0.000000
281474976710655.000000	7.924245	402	0.000000
281474976710655.000000	6.221442	403	0.000000
281474976710655.000000	4.246885	404	0.000000
281474976710655.000000	3.426862	405	0.000000
281474976710655.000000	2.287203	406	0.000000
281474976710655.000000	1.902596	407	0.000000
