crossing time (s)	slope (V/s)	crossing number
281474976710655.000000	127.235260	4444	0.000000
281474976710655.000000	113.929192	4445	0.000000
281474976710655.000000	44.977051	4446	0.000000
281474976710655.000000	53.736984	4447	0.000000
281474976710655.000000	37.333580	4448	0.000000
281474976710655.000000	26.424513	4449	0.000000
281474976710655.000000	18.483389	4450	0.000000
281474976710655.000000	13.364405	4451	0.000000
281474976710655.000000	8.109001	4452	0.000000
281474976710655.000000	6.052846	4453	0.000000
281474976710655.000000	3.866155	4454	0.000000
281474976710655.000000	2.847909	4455	0.000000
281474976710655.000000	0.957604	4456	0.000000
