crossing time (s)	slope (V/s)	crossing number
281474976710655.000000	106.100143	4484	0.000000
281474976710655.000000	96.677246	4485	0.000000
281474976710655.000000	59.194946	4486	0.000000
281474976710655.000000	50.964859	4487	0.000000
281474976710655.000000	29.889830	4488	0.000000
281474976710655.000000	23.165710	4489	0.000000
281474976710655.000000	15.212662	4490	0.000000
281474976710655.000000	10.919127	4491	0.000000
281474976710655.000000	7.147896	4492	0.000000
281474976710655.000000	5.009397	4493	0.000000
281474976710655.000000	3.248796	4494	0.000000
281474976710655.000000	2.322032	4495	0.000000
