crossing time (s)	slope (V/s)	crossing number
281474976710655.000000	96.158302	2043	0.000000
281474976710655.000000	93.788017	2044	0.000000
281474976710655.000000	92.693733	2045	0.000000
281474976710655.000000	85.738205	2046	0.000000
281474976710655.000000	164.892792	2047	0.000000
281474976710655.000000	86.215057	2048	0.000000
281474976710655.000000	79.507782	2049	0.000000
281474976710655.000000	158.306793	2050	0.000000
281474976710655.000000	51.282005	2051	0.000000
281474976710655.000000	72.800903	2052	0.000000
281474976710655.000000	48.807903	2053	0.000000
281474976710655.000000	77.574699	2054	0.000000
281474976710655.000000	144.493301	2055	0.000000
281474976710655.000000	68.593765	2056	0.000000
281474976710655.000000	31.974438	2057	0.000000
281474976710655.000000	64.479454	2058	0.000000
281474976710655.000000	68.296829	2059	0.000000
281474976710655.000000	63.804665	2060	0.000000
281474976710655.000000	57.929203	2061	0.000000
281474976710655.000000	60.315311	2062	0.000000
281474976710655.000000	60.271385	2063	0.000000
281474976710655.000000	46.055721	2064	0.000000
281474976710655.000000	41.661774	2065	0.000000
281474976710655.000000	64.279282	2066	0.000000
281474976710655.000000	84.956688	2067	0.000000
281474976710655.000000	52.119583	2068	0.000000
281474976710655.000000	64.210083	2069	0.000000
281474976710655.000000	51.453381	2070	0.000000
281474976710655.000000	46.703602	2071	0.000000
281474976710655.000000	43.136963	2072	0.000000
281474976710655.000000	44.548420	2073	0.000000
281474976710655.000000	43.478222	2074	0.000000
281474976710655.000000	44.880943	2075	0.000000
281474976710655.000000	35.214973	2076	0.000000
281474976710655.000000	46.884731	2077	0.000000
281474976710655.000000	38.249596	2078	0.000000
281474976710655.000000	35.375130	2079	0.000000
281474976710655.000000	38.412182	2080	0.000000
281474976710655.000000	38.876137	2081	0.000000
281474976710655.000000	41.727566	2082	0.000000
281474976710655.000000	31.432207	2083	0.000000
281474976710655.000000	30.565277	2084	0.000000
281474976710655.000000	38.170231	2085	0.000000
281474976710655.000000	36.157211	2086	0.000000
281474976710655.000000	36.987541	2087	0.000000
281474976710655.000000	29.952263	2088	0.000000
281474976710655.000000	34.258305	2089	0.000000
281474976710655.000000	32.716892	2090	0.000000
281474976710655.000000	25.241467	2091	0.000000
281474976710655.000000	26.813925	2092	0.000000
281474976710655.000000	29.282747	2093	0.000000
281474976710655.000000	24.824636	2094	0.000000
281474976710655.000000	27.116205	2095	0.000000
281474976710655.000000	29.098194	2096	0.000000
281474976710655.000000	24.306822	2097	0.000000
281474976710655.000000	21.885893	2098	0.000000
281474976710655.000000	23.487688	2099	0.000000
281474976710655.000000	21.252068	2100	0.000000
281474976710655.000000	22.330681	2101	0.000000
281474976710655.000000	20.212763	2102	0.000000
281474976710655.000000	23.054651	2103	0.000000
281474976710655.000000	21.001274	2104	0.000000
281474976710655.000000	20.070509	2105	0.000000
281474976710655.000000	20.497660	2106	0.000000
281474976710655.000000	15.865373	2107	0.000000
281474976710655.000000	18.502399	2108	0.000000
281474976710655.000000	19.249538	2109	0.000000
281474976710655.000000	18.497530	2110	0.000000
281474976710655.000000	17.276552	2111	0.000000
281474976710655.000000	16.793222	2112	0.000000
281474976710655.000000	16.360178	2113	0.000000
281474976710655.000000	16.089924	2114	0.000000
281474976710655.000000	14.983285	2115	0.000000
281474976710655.000000	15.501574	2116	0.000000
281474976710655.000000	14.575390	2117	0.000000
281474976710655.000000	14.355928	2118	0.000000
281474976710655.000000	13.511866	2119	0.000000
281474976710655.000000	12.630706	2120	0.000000
281474976710655.000000	12.487389	2121	0.000000
281474976710655.000000	13.054708	2122	0.000000
281474976710655.000000	12.485471	2123	0.000000
281474976710655.000000	11.702792	2124	0.000000
281474976710655.000000	12.292039	2125	0.000000
281474976710655.000000	11.362414	2126	0.000000
281474976710655.000000	11.049524	2127	0.000000
281474976710655.000000	10.631495	2128	0.000000
281474976710655.000000	10.465383	2129	0.000000
281474976710655.000000	9.925354	2130	0.000000
281474976710655.000000	9.761649	2131	0.000000
281474976710655.000000	9.558159	2132	0.000000
281474976710655.000000	9.085999	2133	0.000000
281474976710655.000000	9.145260	2134	0.000000
281474976710655.000000	8.792082	2135	0.000000
281474976710655.000000	8.667081	2136	0.000000
281474976710655.000000	8.602050	2137	0.000000
281474976710655.000000	8.222516	2138	0.000000
281474976710655.000000	7.929769	2139	0.000000
281474976710655.000000	7.668030	2140	0.000000
281474976710655.000000	7.559371	2141	0.000000
281474976710655.000000	7.207471	2142	0.000000
281474976710655.000000	7.154676	2143	0.000000
281474976710655.000000	6.807826	2144	0.000000
281474976710655.000000	6.720788	2145	0.000000
281474976710655.000000	6.440662	2146	0.000000
281474976710655.000000	6.342288	2147	0.000000
281474976710655.000000	6.100854	2148	0.000000
281474976710655.000000	6.060639	2149	0.000000
281474976710655.000000	5.761491	2150	0.000000
281474976710655.000000	5.612773	2151	0.000000
281474976710655.000000	5.539627	2152	0.000000
281474976710655.000000	5.242167	2153	0.000000
281474976710655.000000	5.179098	2154	0.000000
281474976710655.000000	5.063864	2155	0.000000
281474976710655.000000	4.906610	2156	0.000000
281474976710655.000000	4.701853	2157	0.000000
281474976710655.000000	4.658405	2158	0.000000
281474976710655.000000	4.522696	2159	0.000000
281474976710655.000000	4.328902	2160	0.000000
281474976710655.000000	4.306110	2161	0.000000
281474976710655.000000	4.081320	2162	0.000000
281474976710655.000000	4.026948	2163	0.000000
281474976710655.000000	3.818864	2164	0.000000
281474976710655.000000	3.768396	2165	0.000000
281474976710655.000000	3.664743	2166	0.000000
281474976710655.000000	3.567074	2167	0.000000
281474976710655.000000	3.361943	2168	0.000000
281474976710655.000000	3.353093	2169	0.000000
281474976710655.000000	3.220757	2170	0.000000
281474976710655.000000	3.218198	2171	0.000000
281474976710655.000000	3.103484	2172	0.000000
281474976710655.000000	3.022677	2173	0.000000
281474976710655.000000	2.882799	2174	0.000000
281474976710655.000000	2.862493	2175	0.000000
281474976710655.000000	2.691582	2176	0.000000
281474976710655.000000	2.671565	2177	0.000000
281474976710655.000000	2.495301	2178	0.000000
281474976710655.000000	2.472877	2179	0.000000
281474976710655.000000	2.330261	2180	0.000000
