crossing time (s)	slope (V/s)	crossing number
281474976710655.000000	44.991192	410	0.000000
281474976710655.000000	34.685593	411	0.000000
281474976710655.000000	23.113661	412	0.000000
281474976710655.000000	19.932951	413	0.000000
281474976710655.000000	17.055689	414	0.000000
281474976710655.000000	12.944355	415	0.000000
281474976710655.000000	9.858666	416	0.000000
281474976710655.000000	6.988364	417	0.000000
281474976710655.000000	5.601085	418	0.000000
281474976710655.000000	3.897093	419	0.000000
281474976710655.000000	3.181195	420	0.000000
281474976710655.000000	1.725035	421	0.000000
281474976710655.000000	1.796398	422	0.000000
281474976710655.000000	0.947213	423	0.000000
