crossing time (s)	slope (V/s)	crossing number
281474976710655.000000	62.629398	4458	0.000000
281474976710655.000000	88.746521	4459	0.000000
281474976710655.000000	68.180267	4460	0.000000
281474976710655.000000	40.396038	4461	0.000000
281474976710655.000000	30.987688	4462	0.000000
281474976710655.000000	26.987782	4463	0.000000
281474976710655.000000	16.621258	4464	0.000000
281474976710655.000000	12.368757	4465	0.000000
281474976710655.000000	7.859050	4466	0.000000
281474976710655.000000	5.787210	4467	0.000000
281474976710655.000000	3.617416	4468	0.000000
281474976710655.000000	2.657457	4469	0.000000
