crossing time (s)	slope (V/s)	crossing number
281474976710655.000000	91.540329	2387	0.000000
281474976710655.000000	84.198280	2388	0.000000
281474976710655.000000	86.709793	2389	0.000000
281474976710655.000000	54.932217	2390	0.000000
281474976710655.000000	91.674438	2391	0.000000
281474976710655.000000	89.216469	2392	0.000000
281474976710655.000000	83.504189	2393	0.000000
281474976710655.000000	160.141464	2394	0.000000
281474976710655.000000	78.919014	2395	0.000000
281474976710655.000000	75.358398	2396	0.000000
281474976710655.000000	115.737518	2397	0.000000
281474976710655.000000	79.855957	2398	0.000000
281474976710655.000000	77.834511	2399	0.000000
281474976710655.000000	74.236702	2400	0.000000
281474976710655.000000	72.475182	2401	0.000000
281474976710655.000000	106.042664	2402	0.000000
281474976710655.000000	105.952980	2403	0.000000
281474976710655.000000	73.323090	2404	0.000000
281474976710655.000000	68.319801	2405	0.000000
281474976710655.000000	68.740555	2406	0.000000
281474976710655.000000	67.279388	2407	0.000000
281474976710655.000000	68.270195	2408	0.000000
281474976710655.000000	50.560822	2409	0.000000
281474976710655.000000	50.442822	2410	0.000000
281474976710655.000000	64.633354	2411	0.000000
281474976710655.000000	41.652618	2412	0.000000
281474976710655.000000	65.866409	2413	0.000000
281474976710655.000000	38.778065	2414	0.000000
281474976710655.000000	54.198643	2415	0.000000
281474976710655.000000	56.637104	2416	0.000000
281474976710655.000000	57.040604	2417	0.000000
281474976710655.000000	37.048744	2418	0.000000
281474976710655.000000	56.311707	2419	0.000000
281474976710655.000000	50.459522	2420	0.000000
281474976710655.000000	51.719315	2421	0.000000
281474976710655.000000	38.635582	2422	0.000000
281474976710655.000000	49.052242	2423	0.000000
281474976710655.000000	46.817730	2424	0.000000
281474976710655.000000	48.473667	2425	0.000000
281474976710655.000000	43.674835	2426	0.000000
281474976710655.000000	46.095081	2427	0.000000
281474976710655.000000	43.984657	2428	0.000000
281474976710655.000000	35.751472	2429	0.000000
281474976710655.000000	36.508186	2430	0.000000
281474976710655.000000	45.688145	2431	0.000000
281474976710655.000000	39.381664	2432	0.000000
281474976710655.000000	36.945553	2433	0.000000
281474976710655.000000	35.343746	2434	0.000000
281474976710655.000000	41.780777	2435	0.000000
281474976710655.000000	33.011196	2436	0.000000
281474976710655.000000	37.870747	2437	0.000000
281474976710655.000000	38.610809	2438	0.000000
281474976710655.000000	34.730404	2439	0.000000
281474976710655.000000	31.413750	2440	0.000000
281474976710655.000000	36.185814	2441	0.000000
281474976710655.000000	34.449337	2442	0.000000
281474976710655.000000	38.833492	2443	0.000000
281474976710655.000000	32.921951	2444	0.000000
281474976710655.000000	29.410669	2445	0.000000
281474976710655.000000	29.012794	2446	0.000000
281474976710655.000000	27.593290	2447	0.000000
281474976710655.000000	29.422277	2448	0.000000
281474976710655.000000	34.392250	2449	0.000000
281474976710655.000000	25.850634	2450	0.000000
281474976710655.000000	29.744318	2451	0.000000
281474976710655.000000	28.208668	2452	0.000000
281474976710655.000000	27.455278	2453	0.000000
281474976710655.000000	28.301531	2454	0.000000
281474976710655.000000	28.081934	2455	0.000000
281474976710655.000000	23.935499	2456	0.000000
281474976710655.000000	27.529890	2457	0.000000
281474976710655.000000	23.858284	2458	0.000000
281474976710655.000000	25.192968	2459	0.000000
281474976710655.000000	26.980120	2460	0.000000
281474976710655.000000	23.402056	2461	0.000000
281474976710655.000000	22.619280	2462	0.000000
281474976710655.000000	20.794333	2463	0.000000
281474976710655.000000	21.128386	2464	0.000000
281474976710655.000000	21.318695	2465	0.000000
281474976710655.000000	22.237932	2466	0.000000
281474976710655.000000	22.697701	2467	0.000000
281474976710655.000000	21.072641	2468	0.000000
281474976710655.000000	20.566916	2469	0.000000
281474976710655.000000	20.381414	2470	0.000000
281474976710655.000000	19.105555	2471	0.000000
281474976710655.000000	18.628273	2472	0.000000
281474976710655.000000	17.665792	2473	0.000000
281474976710655.000000	18.381582	2474	0.000000
281474976710655.000000	18.047531	2475	0.000000
281474976710655.000000	17.544027	2476	0.000000
281474976710655.000000	17.884830	2477	0.000000
281474976710655.000000	17.542881	2478	0.000000
281474976710655.000000	17.144068	2479	0.000000
281474976710655.000000	16.679346	2480	0.000000
281474976710655.000000	15.806246	2481	0.000000
281474976710655.000000	15.495160	2482	0.000000
281474976710655.000000	15.279479	2483	0.000000
281474976710655.000000	14.774178	2484	0.000000
281474976710655.000000	15.217594	2485	0.000000
281474976710655.000000	14.385468	2486	0.000000
281474976710655.000000	13.580628	2487	0.000000
281474976710655.000000	14.153767	2488	0.000000
281474976710655.000000	13.818474	2489	0.000000
281474976710655.000000	13.484809	2490	0.000000
281474976710655.000000	12.973587	2491	0.000000
281474976710655.000000	12.125470	2492	0.000000
281474976710655.000000	12.813232	2493	0.000000
281474976710655.000000	11.885970	2494	0.000000
281474976710655.000000	11.925596	2495	0.000000
281474976710655.000000	11.501467	2496	0.000000
281474976710655.000000	11.372806	2497	0.000000
281474976710655.000000	11.240081	2498	0.000000
281474976710655.000000	10.981095	2499	0.000000
281474976710655.000000	12.191397	2500	0.000000
281474976710655.000000	11.715735	2501	0.000000
281474976710655.000000	10.196299	2502	0.000000
281474976710655.000000	10.151353	2503	0.000000
281474976710655.000000	10.251575	2504	0.000000
281474976710655.000000	9.611944	2505	0.000000
281474976710655.000000	9.330616	2506	0.000000
281474976710655.000000	9.160934	2507	0.000000
281474976710655.000000	8.968523	2508	0.000000
281474976710655.000000	8.840086	2509	0.000000
281474976710655.000000	8.701166	2510	0.000000
281474976710655.000000	8.651275	2511	0.000000
281474976710655.000000	8.217207	2512	0.000000
281474976710655.000000	8.068359	2513	0.000000
281474976710655.000000	7.968249	2514	0.000000
281474976710655.000000	7.782694	2515	0.000000
281474976710655.000000	7.620790	2516	0.000000
281474976710655.000000	7.581067	2517	0.000000
281474976710655.000000	7.308800	2518	0.000000
281474976710655.000000	7.258487	2519	0.000000
281474976710655.000000	6.943602	2520	0.000000
281474976710655.000000	6.907989	2521	0.000000
281474976710655.000000	6.769965	2522	0.000000
281474976710655.000000	6.590640	2523	0.000000
281474976710655.000000	6.405923	2524	0.000000
281474976710655.000000	6.281331	2525	0.000000
281474976710655.000000	6.118160	2526	0.000000
281474976710655.000000	6.059100	2527	0.000000
281474976710655.000000	5.924987	2528	0.000000
281474976710655.000000	5.870939	2529	0.000000
281474976710655.000000	5.663378	2530	0.000000
281474976710655.000000	5.559331	2531	0.000000
281474976710655.000000	5.446442	2532	0.000000
281474976710655.000000	5.254003	2533	0.000000
281474976710655.000000	5.346124	2534	0.000000
281474976710655.000000	5.059011	2535	0.000000
281474976710655.000000	4.991294	2536	0.000000
281474976710655.000000	4.716018	2537	0.000000
281474976710655.000000	4.708626	2538	0.000000
281474976710655.000000	4.745483	2539	0.000000
