num crossings	time (s)	maj axis (mm)	min axis (mm)	theta (rad )	slope (V/s)
197	744.308064	0.109154	-1.098231	0.374129	3.308339
201	756.689570	56.200761	-0.494558	2.036907	109.941694
203	758.778353	44.429633	-0.482586	2.040416	75.225121
205	760.869217	34.942880	-0.414415	2.048766	44.135204
207	762.959170	27.063730	-0.300383	2.060897	26.005419
209	765.051192	20.787567	-0.198526	2.071623	14.497409
211	767.141925	15.828965	-0.137760	2.078156	9.039540
213	769.229811	11.955581	-0.088761	2.082951	4.669098
215	771.329016	9.002299	-0.067653	2.084843	3.034302
