num crossings	time (s)	maj axis (mm)	min axis (mm)	theta (rad )	slope (V/s)
161	686.434104	65.004041	3.333286	-1.087503	155.069634
163	688.522441	50.606931	3.048484	-1.086179	84.904509
165	690.608558	39.124823	2.616905	-1.082830	52.602841
167	692.694007	30.282095	2.160054	-1.076634	29.926079
169	694.777392	23.163710	1.675879	-1.067119	17.930612
171	696.864683	17.541219	1.289531	-1.058570	10.325820
173	698.947294	13.150805	0.991298	-1.052844	5.600730
177	700.413813	3.096968	0.271285	1.982065	2.187091
179	702.148642	8.588388	0.679649	2.107702	5.324001
