crossing time (s)	slope (V/s)	crossing number
281474976710655.000000	83.086609	4045	0.000000
281474976710655.000000	74.544891	4046	0.000000
281474976710655.000000	77.233856	4047	0.000000
281474976710655.000000	41.593010	4048	0.000000
281474976710655.000000	78.220428	4049	0.000000
281474976710655.000000	61.828346	4050	0.000000
281474976710655.000000	82.914436	4051	0.000000
281474976710655.000000	80.237427	4052	0.000000
281474976710655.000000	53.342827	4053	0.000000
281474976710655.000000	79.400810	4054	0.000000
281474976710655.000000	76.051956	4055	0.000000
281474976710655.000000	76.868820	4056	0.000000
281474976710655.000000	75.956718	4057	0.000000
281474976710655.000000	77.181396	4058	0.000000
281474976710655.000000	47.770763	4059	0.000000
281474976710655.000000	37.487076	4060	0.000000
281474976710655.000000	79.444267	4061	0.000000
281474976710655.000000	33.744453	4062	0.000000
281474976710655.000000	75.294296	4063	0.000000
281474976710655.000000	68.020294	4064	0.000000
281474976710655.000000	67.663658	4065	0.000000
281474976710655.000000	106.088860	4066	0.000000
281474976710655.000000	140.590210	4067	0.000000
281474976710655.000000	107.206879	4068	0.000000
281474976710655.000000	33.728325	4069	0.000000
281474976710655.000000	66.924629	4070	0.000000
281474976710655.000000	126.617355	4071	0.000000
281474976710655.000000	68.841560	4072	0.000000
281474976710655.000000	100.772141	4073	0.000000
281474976710655.000000	65.420456	4074	0.000000
281474976710655.000000	62.653717	4075	0.000000
281474976710655.000000	61.403172	4076	0.000000
281474976710655.000000	62.085342	4077	0.000000
281474976710655.000000	56.530354	4078	0.000000
281474976710655.000000	57.045849	4079	0.000000
281474976710655.000000	45.651569	4080	0.000000
281474976710655.000000	45.373970	4081	0.000000
281474976710655.000000	66.376877	4082	0.000000
281474976710655.000000	55.000404	4083	0.000000
281474976710655.000000	55.527302	4084	0.000000
281474976710655.000000	88.407272	4085	0.000000
281474976710655.000000	87.656982	4086	0.000000
281474976710655.000000	46.020756	4087	0.000000
281474976710655.000000	73.761162	4088	0.000000
281474976710655.000000	52.454899	4089	0.000000
281474976710655.000000	49.366692	4090	0.000000
281474976710655.000000	38.083199	4091	0.000000
281474976710655.000000	39.266521	4092	0.000000
281474976710655.000000	51.161438	4093	0.000000
281474976710655.000000	49.151634	4094	0.000000
281474976710655.000000	48.074738	4095	0.000000
281474976710655.000000	45.673077	4096	0.000000
281474976710655.000000	55.967216	4097	0.000000
281474976710655.000000	48.582417	4098	0.000000
281474976710655.000000	38.295929	4099	0.000000
281474976710655.000000	39.531216	4100	0.000000
281474976710655.000000	36.035896	4101	0.000000
281474976710655.000000	36.761814	4102	0.000000
281474976710655.000000	47.344036	4103	0.000000
281474976710655.000000	56.461906	4104	0.000000
281474976710655.000000	42.433620	4105	0.000000
281474976710655.000000	39.917526	4106	0.000000
281474976710655.000000	49.271889	4107	0.000000
281474976710655.000000	51.628616	4108	0.000000
281474976710655.000000	37.140812	4109	0.000000
281474976710655.000000	47.042843	4110	0.000000
281474976710655.000000	38.475834	4111	0.000000
281474976710655.000000	37.129780	4112	0.000000
281474976710655.000000	40.270012	4113	0.000000
281474976710655.000000	41.618134	4114	0.000000
281474976710655.000000	36.392300	4115	0.000000
281474976710655.000000	34.849030	4116	0.000000
281474976710655.000000	33.044918	4117	0.000000
281474976710655.000000	32.835827	4118	0.000000
281474976710655.000000	42.494843	4119	0.000000
281474976710655.000000	38.846184	4120	0.000000
281474976710655.000000	30.020420	4121	0.000000
281474976710655.000000	32.206055	4122	0.000000
281474976710655.000000	32.638790	4123	0.000000
281474976710655.000000	36.745583	4124	0.000000
281474976710655.000000	38.926605	4125	0.000000
281474976710655.000000	32.487213	4126	0.000000
281474976710655.000000	32.751793	4127	0.000000
281474976710655.000000	29.882477	4128	0.000000
281474976710655.000000	34.823193	4129	0.000000
281474976710655.000000	30.761478	4130	0.000000
281474976710655.000000	37.060860	4131	0.000000
281474976710655.000000	31.505713	4132	0.000000
281474976710655.000000	35.183155	4133	0.000000
281474976710655.000000	29.508852	4134	0.000000
281474976710655.000000	31.139151	4135	0.000000
281474976710655.000000	30.815941	4136	0.000000
281474976710655.000000	28.159809	4137	0.000000
281474976710655.000000	28.887600	4138	0.000000
281474976710655.000000	29.925453	4139	0.000000
281474976710655.000000	28.725349	4140	0.000000
281474976710655.000000	24.567406	4141	0.000000
281474976710655.000000	29.018118	4142	0.000000
281474976710655.000000	26.449400	4143	0.000000
281474976710655.000000	28.262426	4144	0.000000
281474976710655.000000	26.302813	4145	0.000000
281474976710655.000000	23.187935	4146	0.000000
281474976710655.000000	23.953657	4147	0.000000
281474976710655.000000	24.710155	4148	0.000000
281474976710655.000000	23.921618	4149	0.000000
281474976710655.000000	22.679762	4150	0.000000
281474976710655.000000	23.005255	4151	0.000000
281474976710655.000000	25.483624	4152	0.000000
281474976710655.000000	23.370176	4153	0.000000
281474976710655.000000	25.138571	4154	0.000000
281474976710655.000000	25.753191	4155	0.000000
281474976710655.000000	22.792944	4156	0.000000
281474976710655.000000	26.395624	4157	0.000000
281474976710655.000000	23.115175	4158	0.000000
281474976710655.000000	22.678595	4159	0.000000
281474976710655.000000	21.604790	4160	0.000000
281474976710655.000000	21.386009	4161	0.000000
281474976710655.000000	22.468954	4162	0.000000
281474976710655.000000	21.518625	4163	0.000000
281474976710655.000000	22.297375	4164	0.000000
281474976710655.000000	21.696674	4165	0.000000
281474976710655.000000	20.625849	4166	0.000000
281474976710655.000000	20.562447	4167	0.000000
281474976710655.000000	19.382605	4168	0.000000
281474976710655.000000	21.383112	4169	0.000000
281474976710655.000000	20.181776	4170	0.000000
281474976710655.000000	19.438921	4171	0.000000
281474976710655.000000	20.065449	4172	0.000000
281474976710655.000000	19.228563	4173	0.000000
281474976710655.000000	19.136240	4174	0.000000
281474976710655.000000	18.702644	4175	0.000000
281474976710655.000000	17.984634	4176	0.000000
281474976710655.000000	18.560272	4177	0.000000
281474976710655.000000	18.000513	4178	0.000000
281474976710655.000000	17.878021	4179	0.000000
281474976710655.000000	17.129545	4180	0.000000
281474976710655.000000	16.926163	4181	0.000000
281474976710655.000000	16.580677	4182	0.000000
281474976710655.000000	17.350517	4183	0.000000
281474976710655.000000	16.644543	4184	0.000000
281474976710655.000000	16.734524	4185	0.000000
281474976710655.000000	16.434694	4186	0.000000
281474976710655.000000	16.216686	4187	0.000000
281474976710655.000000	15.440784	4188	0.000000
281474976710655.000000	16.056450	4189	0.000000
281474976710655.000000	16.023216	4190	0.000000
281474976710655.000000	15.604205	4191	0.000000
281474976710655.000000	15.489345	4192	0.000000
281474976710655.000000	14.785795	4193	0.000000
281474976710655.000000	13.998440	4194	0.000000
281474976710655.000000	14.170597	4195	0.000000
281474976710655.000000	14.184040	4196	0.000000
281474976710655.000000	14.393881	4197	0.000000
281474976710655.000000	14.032164	4198	0.000000
281474976710655.000000	13.537856	4199	0.000000
281474976710655.000000	13.576915	4200	0.000000
281474976710655.000000	13.968582	4201	0.000000
281474976710655.000000	12.799397	4202	0.000000
281474976710655.000000	13.540588	4203	0.000000
281474976710655.000000	12.723878	4204	0.000000
281474976710655.000000	13.112885	4205	0.000000
281474976710655.000000	12.454405	4206	0.000000
281474976710655.000000	13.213370	4207	0.000000
281474976710655.000000	12.409840	4208	0.000000
281474976710655.000000	12.624924	4209	0.000000
281474976710655.000000	12.150625	4210	0.000000
281474976710655.000000	12.478905	4211	0.000000
281474976710655.000000	11.384167	4212	0.000000
281474976710655.000000	11.518936	4213	0.000000
281474976710655.000000	11.091730	4214	0.000000
281474976710655.000000	11.217332	4215	0.000000
281474976710655.000000	10.934758	4216	0.000000
281474976710655.000000	11.065722	4217	0.000000
281474976710655.000000	10.726618	4218	0.000000
281474976710655.000000	10.771754	4219	0.000000
281474976710655.000000	10.715999	4220	0.000000
281474976710655.000000	9.973302	4221	0.000000
281474976710655.000000	10.476452	4222	0.000000
281474976710655.000000	10.977489	4223	0.000000
281474976710655.000000	9.860682	4224	0.000000
281474976710655.000000	9.640606	4225	0.000000
281474976710655.000000	9.444454	4226	0.000000
281474976710655.000000	9.645537	4227	0.000000
281474976710655.000000	9.639540	4228	0.000000
281474976710655.000000	9.125432	4229	0.000000
281474976710655.000000	9.151359	4230	0.000000
281474976710655.000000	9.088649	4231	0.000000
281474976710655.000000	8.411128	4232	0.000000
281474976710655.000000	8.776050	4233	0.000000
281474976710655.000000	8.565826	4234	0.000000
281474976710655.000000	8.523825	4235	0.000000
281474976710655.000000	8.526505	4236	0.000000
281474976710655.000000	8.360801	4237	0.000000
281474976710655.000000	8.317656	4238	0.000000
281474976710655.000000	8.246741	4239	0.000000
281474976710655.000000	8.025396	4240	0.000000
281474976710655.000000	8.172755	4241	0.000000
281474976710655.000000	7.666873	4242	0.000000
281474976710655.000000	7.957428	4243	0.000000
281474976710655.000000	7.547574	4244	0.000000
281474976710655.000000	7.464386	4245	0.000000
281474976710655.000000	7.278155	4246	0.000000
281474976710655.000000	7.354327	4247	0.000000
281474976710655.000000	7.130272	4248	0.000000
281474976710655.000000	7.196273	4249	0.000000
281474976710655.000000	6.963319	4250	0.000000
281474976710655.000000	7.002748	4251	0.000000
