crossing time (s)	slope (V/s)	crossing number
281474976710655.000000	55.364864	424	0.000000
281474976710655.000000	37.830788	425	0.000000
281474976710655.000000	31.112373	426	0.000000
281474976710655.000000	24.669048	427	0.000000
281474976710655.000000	18.124790	428	0.000000
281474976710655.000000	14.963937	429	0.000000
281474976710655.000000	10.907797	430	0.000000
281474976710655.000000	8.660967	431	0.000000
281474976710655.000000	6.197441	432	0.000000
281474976710655.000000	5.147803	433	0.000000
281474976710655.000000	3.566423	434	0.000000
281474976710655.000000	2.900213	435	0.000000
281474976710655.000000	1.666363	436	0.000000
