num crossings	time (s)	maj axis (mm)	min axis (mm)	theta (rad )	slope (V/s)
371	997.702727	0.747266	6.209821	0.405715	1.459558
383	1012.520968	28.784038	2.640613	-1.166358	24.789604
385	1014.607899	24.623377	2.305315	-1.160247	18.274399
387	1016.694225	20.972587	1.987089	-1.155416	13.099149
389	1018.777150	17.780786	1.705860	-1.152035	9.718613
391	1020.862314	15.065387	1.470474	-1.148414	6.969662
393	1022.943565	12.749098	1.267496	-1.142646	4.617089
395	1025.012694	10.771104	1.099998	-1.131955	3.564516
397	1027.085696	6.396751	0.761766	-1.074144	1.639376
